170
174
176
204
173
204
178
175
175
187
197
177
196
172
191
150
157
176
169
170
176
198
197
179
160
186
180
182
172
164
188
152
197
183
177
187
165
169
165
162
175
182
192
184
180
176
208
200
179
186
147
166
193
193
188
177
166
179
186
172
176
178
194
179
166
175
184
171
169
178
178
161
180
192
175
171
187
170
165
202
175
160
164
200
167
156
189
180
152
193
157
197
201
173
198
179
156
170
169
196
170
192
194
193
198
183
158
193
178
212
184
171
186
162
184
204
159
178
193
193
196
175
217
177
169
163
186
173
185
179
172
169
181
175
172
182
195
174
187
157
174
162
174
169
183
169
179
190
190
179
190
174
212
205
195
196
190
186
168
171
183
190
188
180
180
186
189
178
187
202
190
216
186
178
195
205
179
168
185
186
170
202
187
187
154
188
180
157
186
181
185
182
182
168
153
169
191
187
188
177
174
182
173
176
188
183
162
172
179
183
176
175
163
201
169
175
192
173
172
177
172
178
188
182
169
156
206
182
188
197
165
182
173
174
158
165
189
195
172
192
189
174
179
163
201
156
180
180
195
191
178
150
207
207
182
178
172
187
180
169
177
176
187
176
181
183
183
172
171
210
179
174
185
182
171
173
201
182
171
191
162
177
157
202
163
209
201
183
174
187
182
182
168
179
195
175
186
176
177
163
173
167
157
189
191
186
170
189
186
194
174
166
161
181
185
167
186
184
197
187
164
184
181
191
188
176
184
192
156
187
191
182
168
196
171
165
187
163
166
168
187
192
158
189
208
165
211
172
171
204
182
168
192
194
196
162
158
202
158
164
182
201
165
206
176
180
188
155
188
187
168
167
194
195
167
190
169
193
176
173
189
199
166
188
187
168
190
183
177
172
162
158
179
181
187
175
203
175
178
187
181
205
164
175
174
179
160
170
175
184
163
180
187
181
182
212
167
170
186
172
190
176
182
197
171
181
181
177
192
182
190
207
189
186
190
207
193
211
176
175
210
185
186
193
168
195
184
179
182
174
169
158
183
167
172
163
158
163
158
208
183
164
171
177
158
156
153
174
144
167
174
152
157
175
141
157
149
168
161
154
167
150
173
159
161
143
175
167
152
155
174
164
167
150
162
158
139
158
147
169
153
152
168
165
149
174
159
149
166
142
146
144
153
157
146
163
172
147
172
132
163
164
174
163
154
145
176
169
154
174
133
158
153
140
147
149
160
151
141
164
167
160
169
165
149
151
162
176
167
163
172
157
171
159
155
143
173
160
173
182
178
129
160
143
175
168
156
148
141
131
184
147
153
192
198
170
151
184
152
164
159
162
155
160
176
147
179
179
148
150
139
168
165
161
163
152
155
162
144
130
168
146
166
161
152
138
160
175
176
148
172
143
169
164
170
147
156
146
146
170
153
164
140
164
165
157
160
167
152
168
153
163
175
145
160
142
148
144
165
168
168
139
159
150
162
151
182
158
164
171
173
135
184
172
161
146
155
163
133
171
176
172
176
141
134
157
131
149
160
177
186
152
166
170
150
147
159
163
159
172
177
156
154
153
163
174
168
143
168
149
171
171
160
144
177
153
156
187
149
150
144
172
168
178
165
164
170
169
168
161
150
160
177
181
176
150
157
147
158
158
146
166
148
146
164
163
159
150
130
158
153
161
155
157
140
166
168
157
149
154
157
180
174
171
151
163
151
169
153
169
154
169
161
155
152
167
160
163
165
160
159
177
145
134
163
138
158
163
169
161
157
172
150
175
159
147
158
163
144
155
163
153
152
153
153
146
157
161
158
162
172
182
154
173
162
136
141
143
162
146
153
163
176
181
173
167
166
153
166
153
159
153
146
166
179
191
160
145
154
149
144
156
163
166
176
153
122
146
173
171
157
146
149
166
173
168
151
153
148
193
163
161
154
170
161
155
164
165
166
157
146
185
150
158
150
150
153
166
158
160
162
168
140
156
171
150
159
165
170
156
167
152
177
141
165
152
158
149
160
163
167
151
155
161
150
164
157
137
149
163
153
170
153
160
175
165
162
198
170
166
182
229
192
206
168
209
190
204
194
189
219
207
210
208
196
208
206
201
217
198
191
205
188
184
200
202
205
216
204
221
210
197
188
209
202
214
207
205
217
241
188
201
203
187
170
220
186
201
207
215
205
215
167
195
185
206
213
224
220
174
223
204
192
196
210
195
207
214
182
189
198
226
206
179
213
188
175
190
201
194
211
207
185
173
197
196
213
182
199
200
217
204
203
183
197
189
214
179
181
194
194
188
217
229
208
219
210
197
178
199
187
209
203
193
211
199
186
206
208
209
201
207
226
204
205
214
170
197
218
222
215
216
232
189
186
188
212
202
230
212
209
190
212
183
225
187
202
198
179
192
194
179
193
172
202
185
177
187
198
226
201
210
230
204
184
207
198
195
221
227
198
188
209
213
227
198
211
214
217
194
181
176
176
220
198
201
205
217
198
198
203
202
209
224
203
218
199
208
198
194
208
195
200
204
195
198
190
216
183
197
197
194
208
195
203
193
195
194
204
174
213
208
213
192
227
181
191
199
192
201
213
188
194
197
203
206
194
217
199
208
203
205
219
199
193
196
207
203
188
223
199
201
195
197
219
203
179
187
201
206
218
203
196
189
206
182
184
210
219
163
191
196
211
187
189
196
192
184
194
198
181
217
197
185
202
192
185
188
186
186
198
182
190
208
224
190
176
186
192
219
171
201
212
188
206
218
190
210
189
224
195
234
194
240
212
197
203
217
207
191
213
190
187
178
234
190
204
186
211
200
179
198
199
212
195
190
224
213
218
206
200
204
187
186
192
186
167
201
204
200
169
198
218
187
188
198
221
184
210
226
216
200
178
209
218
233
173
185
207
205
182
217
210
203
219
198
182
213
212
220
225
185
223
210
205
204
213
187
189
170
213
228
211
217
191
213
210
210
211
181
202
199
171
202
192
213
178
215
182
214
230
231
191
220
221
190
221
183
187
204
158
189
208
202
208
207
195
213
206
204
219
197
204
223
236
201
197
173
204
213
187
194
200
213
198
201
192
211
195
204
256
212
230
197
243
262
200
253
254
235
214
246
218
225
255
227
258
217
220
239
238
223
212
229
237
204
209
223
232
209
232
223
225
220
221
219
249
208
235
226
227
217
227
234
233
230
245
279
209
237
245
231
249
242
231
233
239
234
248
232
237
235
216
230
228
251
224
251
222
209
235
224
263
203
225
232
217
238
244
237
232
245
226
220
211
241
239
210
234
232
222
225
242
222
239
241
245
224
240
227
209
233
197
223
275
255
235
246
230
223
242
234
229
217
229
240
219
250
234
229
234
196
231
207
212
236
248
244
215
235
236
225
223
233
236
222
228
235
234
238
251
224
232
241
220
223
211
263
240
230
231
243
228
202
239
191
225
230
236
230
228
227
230
247
233
212
253
226
250
227
216
241
228
244
241
227
225
259
233
214
210
260
235
232
250
238
238
246
225
254
230
222
254
241
231
236
234
233
245
239
231
241
234
237
216
227
223
215
237
232
228
224
242
230
230
202
246
234
225
240
230
237
226
242
227
229
235
238
225
266
233
240
257
213
225
226
220
250
267
239
224
222
231
187
237
219
236
202
210
236
246
231
218
239
238
235
220
234
216
265
228
228
240
245
233
235
251
208
223
238
235
223
242
235
239
258
216
265
234
258
270
210
220
230
247
211
235
242
208
229
240
248
234
238
227
214
217
231
219
226
235
238
239
228
219
245
226
218
253
245
251
234
223
230
211
233
224
222
231
262
206
210
226
228
256
258
242
242
234
243
211
223
241
240
255
239
231
249
210
189
231
221
204
231
223
205
224
244
240
229
240
226
236
236
217
217
225
249
209
221
257
223
218
249
220
236
240
233
236
211
217
270
249
228
189
207
229
238
229
240
211
232
229
227
275
229
227
239
218
231
244
235
249
200
218
228
217
238
237
235
242
221
226
253
197
250
240
208
223
228
214
236
229
240
216
266
262
225
210
227
220
238
245
219
240
230
231
228
234
217
220
257
243
236
240
235
222
243
228
220
218
218
208
205
229
234
235
238
235
235
