244
241
263
245
257
243
240
270
253
227
266
230
250
264
247
240
237
255
247
247
249
259
258
249
232
255
234
254
237
277
251
251
254
249
227
245
245
256
251
256
253
198
204
200
174
196
198
199
207
200
199
199
191
207
203
203
203
203
209
206
193
153
150
177
151
155
148
158
138
166
160
164
156
156
168
168
150
158
167
159
144
109
81
103
91
102
102
112
99
93
108
115
86
94
112
112
102
93
99
113
91
48
62
53
56
48
54
51
46
54
52
55
45
44
44
18
44
45
42
54
57
300
297
323
313
300
295
288
308
291
292
291
307
300
300
315
303
288
302
305
294
300
297
323
313
300
295
288
308
291
292
291
307
300
300
315
303
288
302
305
294
205
201
202
202
170
209
202
186
203
196
210
206
213
215
188
204
184
205
201
193
34
25
30
24
22
24
30
30
26
33
27
30
35
37
31
31
30
34
22
28
34
25
30
24
22
24
30
30
26
33
27
30
35
37
31
31
30
34
22
28
